2.60841550749575 4.43522755012212 5.18515379831703 5.95363481264908 6.41715805199817 6.19416737708135
3.20976620684494 4.908577443781 6.26615994809116 6.76390255756 6.89637604741988 6.73197575550832
2.86773714454234 4.07475414669573 4.60883719052969 5.21631179517062 5.56422110968006 5.52488434173417
2.14360321573174 3.44487981594987 5.59128607598252 6.26301365673058 6.76836177308012 6.6360061166569
2.02149916496423 4.05089024398953 5.10141808285512 5.79574312178041 6.04277338788835 6.14407760786773
2.97709609237757 4.70197020157812 5.90136201525093 6.25001843249354 6.31045726527624 6.24391575676113
2.25867980245776 3.55052824257029 5.40800479130741 6.17939735610776 6.44275727869828 6.25422653814193
2.68513447000115 3.89266584446713 5.19010544044611 5.35324539622216 5.3307240910398 5.40502537573596
2.09940587041612 4.06139259125319 5.50092023557182 6.06364885333086 6.10243508947367 5.8038986251855
3.34168617135326 5.31164713954861 6.02180469412151 6.30271390021284 6.22328953659112 5.760925571527
2.52819701428308 4.21203458306896 5.84373648671823 6.84279900021613 7.21902360155565 7.28503026598576
3.41658629389086 5.24164534186273 6.63436392282442 7.0444714379521 7.17747620242895 6.87486067542796
2.35301573241435 4.64122449750132 5.42626860730883 5.93636969990239 6.02116040055333 6.07907065634311
1.98533405472967 3.50529976146692 6.00863439814035 6.76135824169278 7.11697046138816 7.35015771210272
2.15335304451675 3.28015588731607 5.05207792171627 5.96666898598748 6.19246620447398 6.41323150980695
3.29891562763387 5.35832261222213 6.52514801802658 6.99730718307492 6.87044110731971 6.14630063354484
2.23546166557227 4.10883082657331 5.25614575722052 5.98236196315317 6.36203841457829 6.36448421633247
1.70749160675989 3.26672146764654 5.41412644776826 6.3253150244328 6.7474742844936 6.27176020886267
2.46739756386679 4.79450403684929 6.25546348277196 6.78993300315757 7.12404179562301 7.07818153166458
2.54113014829821 4.31235778799639 5.86124913677116 6.36070549792844 6.35848099252598 5.79802569649917
3.09660685265756 4.65727873624619 6.20010579513316 6.7250947183798 6.7623926520353 6.2588551367845
1.90836558843207 3.66893541050021 4.72369404216182 5.54895620664772 5.9528993912576 5.932165243673
1.91896777698809 3.6764595565254 4.88026235740181 5.54705094949515 5.94974388310964 5.82133898462386
2.12994260900076 3.4030279453437 4.77664116677259 5.3689432906152 5.71389160705132 5.42988387347737
1.92495690817599 3.79216702786616 5.23403238641861 5.8257387723758 6.09361676424262 5.60028382012603
2.23890911843923 4.50256785218416 4.45318376907854 4.95924638137747 5.36484507113851 5.25394623215309
2.09816214842253 4.8159313166079 6.68909676395536 7.27796914922686 7.30184937733098 7.21004961607384
2.96510789889587 4.7966369683419 6.47774415891455 7.15561999659201 7.35662552162204 7.34459454051486
2.31588700084198 3.9780919004205 5.90952985076312 6.47047437137289 6.74827869010364 6.38342203507883
3.87250535789168 5.4102527925184 6.3209764754998 6.55635065607943 6.33089638843888 5.68146261567971
3.386651203435 5.06662314789891 5.78265765363825 6.35659845686727 6.50492659696771 6.46473790544002
3.7715585077235 5.72207501907658 6.25897133258779 6.43779494944934 6.21595533119291 5.8277153073126
3.25582696995142 4.807989597431 5.85972446835609 6.48519687497356 6.77399316532107 6.38987642771767
2.91907103751187 5.62309853473217 6.72825190432874 7.29832194286585 7.6867545385616 7.74764018309107
3.32575474868642 4.58094701244387 5.89088635867205 6.33215403481667 6.34061205491186 5.82874361345301
2.13124731345607 3.68301225003782 5.21837835883062 5.80555188108342 6.04587529754565 6.1568924051274
1.98837491163022 4.00299146053247 4.64060015802383 5.19970635879773 5.53225548693742 5.60013840359373
2.8447174338536 4.6045373261153 6.22070020406705 6.71731638107635 6.72689833637703 6.61248382670487
2.86067821129168 4.5090680079277 5.90885252783831 6.67706556656936 6.9523412936432 6.76734960441073
1.71586969245769 3.73576295821548 5.13046903765898 5.65917357689516 5.96266869779768 6.05458256753107
2.45671470184656 5.26151289198268 6.34066150564099 6.76808437781846 7.01222285195703 6.65388832306606
2.83272867691247 4.07122425179556 5.21114455229854 5.85237983220752 6.17658390915973 5.93072441445921
1.81324616902018 4.3421330082714 5.94083131756409 6.3919192130532 6.28368151648977 5.74360363659216
